0.532054236513E-04
0.549355312971E-04
0.567218977275E-04
0.585663523378E-04
0.604707840107E-04
0.624371430505E-04
0.644674431809E-04
0.665637636065E-04
0.687282511428E-04
0.709631224139E-04
0.732706661235E-04
0.756532453978E-04
0.781133002064E-04
0.806533498603E-04
0.832759955922E-04
0.859839232207E-04
0.887799059002E-04
0.916668069613E-04
0.946475828429E-04
0.977252861202E-04
0.100903068630E-03
0.104184184699E-03
0.107571994478E-03
0.111069967379E-03
0.114681685633E-03
0.118410847954E-03
0.122261273330E-03
0.126236904934E-03
0.130341814160E-03
0.134580204794E-03
0.138956417317E-03
0.143474933354E-03
0.148140380261E-03
0.152957535862E-03
0.157931333346E-03
0.163066866316E-03
0.168369394006E-03
0.173844346669E-03
0.179497331134E-03
0.185334136551E-03
0.191360740320E-03
0.197583314209E-03
0.204008230677E-03
0.210642069400E-03
0.217491624009E-03
0.224563909047E-03
0.231866167150E-03
0.239405876471E-03
0.247190758329E-03
0.255228785124E-03
0.263528188499E-03
0.272097467766E-03
0.280945398618E-03
0.290081042108E-03
0.299513753933E-03
0.309253194016E-03
0.319309336393E-03
0.329692479433E-03
0.340413256382E-03
0.351482646252E-03
0.362911985067E-03
0.374712977466E-03
0.386897708699E-03
0.399478656994E-03
0.412468706342E-03
0.425881159689E-03
0.439729752558E-03
0.454028667120E-03
0.468792546712E-03
0.484036510836E-03
0.499776170645E-03
0.516027644926E-03
0.532807576607E-03
0.550133149806E-03
0.568022107423E-03
0.586492769315E-03
0.605564051053E-03
0.625255483295E-03
0.645587231790E-03
0.666580118025E-03
0.688255640549E-03
0.710635996992E-03
0.733744106794E-03
0.757603634680E-03
0.782239014889E-03
0.807675476206E-03
0.833939067788E-03
0.861056685849E-03
0.889056101199E-03
0.917965987687E-03
0.947815951561E-03
0.978636561794E-03
0.101045938138E-02
0.104331699968E-02
0.107724306575E-02
0.111227232286E-02
0.114844064402E-02
0.118578506875E-02
0.122434384101E-02
0.126415644836E-02
0.130526366238E-02
0.134770758044E-02
0.139153166884E-02
0.143678080726E-02
0.148350133478E-02
0.153174109731E-02
0.158154949657E-02
0.163297754071E-02
0.168607789655E-02
0.174090494350E-02
0.179751482924E-02
0.185596552723E-02
0.191631689611E-02
0.197863074095E-02
0.204297087656E-02
0.210940319288E-02
0.217799572239E-02
0.224881870985E-02
0.232194468418E-02
0.239744853276E-02
0.247540757815E-02
0.255590165720E-02
0.263901320290E-02
0.272482732872E-02
0.281343191584E-02
0.290491770309E-02
0.299937837991E-02
0.309691068229E-02
0.319761449183E-02
0.330159293804E-02
0.340895250391E-02
0.351980313504E-02
0.363425835216E-02
0.375243536741E-02
0.387445520437E-02
0.400044282204E-02
0.413052724273E-02
0.426484168425E-02
0.440352369635E-02
0.454671530150E-02
0.469456314044E-02
0.484721862227E-02
0.500483807953E-02
0.516758292833E-02
0.533561983362E-02
0.550912087987E-02
0.568826374730E-02
0.587323189388E-02
0.606421474315E-02
0.626140787823E-02
0.646501324213E-02
0.667523934453E-02
0.689230147533E-02
0.711642192512E-02
0.734783021282E-02
0.758676332075E-02
0.783346593728E-02
0.808819070745E-02
0.835119849169E-02
0.862275863295E-02
0.890314923254E-02
0.919265743494E-02
0.949157972185E-02
0.980022221581E-02
0.101189009937E-01
0.104479424104E-01
0.107876834332E-01
0.111384719865E-01
0.115006673084E-01
0.118746403186E-01
0.122607739982E-01
0.126594637817E-01
0.130711179624E-01
0.134961581101E-01
0.139350195030E-01
0.143881515736E-01
0.148560183687E-01
0.153390990249E-01
0.158378882588E-01
0.163528968742E-01
0.168846522851E-01
0.174336990554E-01
0.180005994569E-01
0.185859340452E-01
0.191903022541E-01
0.198143230095E-01
0.204586353631E-01
0.211238991470E-01
0.218107956496E-01
0.225200283128E-01
0.232523234530E-01
0.240084310042E-01
0.247891252868E-01
0.255952057998E-01
0.264274980402E-01
0.272868543479E-01
0.281741547789E-01
0.290903080064E-01
0.300362522513E-01
0.310129562433E-01
0.320214202124E-01
0.330626769141E-01
0.341377926860E-01
0.352478685408E-01
0.363940412930E-01
0.375774847239E-01
0.387994107827E-01
0.400610708287E-01
0.413637569119E-01
0.427088030967E-01
0.440975868280E-01
0.455315303416E-01
0.470121021210E-01
0.485408184012E-01
0.501192447210E-01
0.517489975272E-01
0.534317458288E-01
0.551692129072E-01
0.569631780806E-01
0.588154785260E-01
0.607280111610E-01
0.627027345861E-01
0.647416710907E-01
0.668469087238E-01
0.690206034329E-01
0.712649812712E-01
0.735823406777E-01
0.759750548311E-01
0.784455740796E-01
0.809964284509E-01
0.836302302428E-01
0.863496766984E-01
0.891575527685E-01
0.920567339636E-01
0.950501892987E-01
0.981409843334E-01
0.101332284312E+00
0.104627357405E+00
0.108029578054E+00
0.111542430432E+00
0.115169512005E+00
0.118914537223E+00
0.122781341318E+00
0.126773884235E+00
0.130896254689E+00
0.135152674345E+00
0.139547502150E+00
0.144085238791E+00
0.148770531308E+00
0.153608177849E+00
0.158603132587E+00
0.163760510793E+00
0.169085594071E+00
0.174583835773E+00
0.180260866579E+00
0.186122500265E+00
0.192174739654E+00
0.198423782771E+00
0.204876029179E+00
0.211538086545E+00
0.218416777397E+00
0.225519146114E+00
0.232852466145E+00
0.240424247448E+00
0.248242244190E+00
0.256314462682E+00
0.264649169582E+00
0.273254900358E+00
0.282140468030E+00
0.291314972196E+00
0.300787808350E+00
0.310568677503E+00
0.320667596122E+00
0.331094906380E+00
0.341861286754E+00
0.352977762960E+00
0.364455719240E+00
0.376306910024E+00
0.388543471967E+00
0.401177936378E+00
0.414223242052E+00
0.427692748523E+00
0.441600249742E+00
0.455959988206E+00
0.470786669541E+00
0.486095477566E+00
0.501902089836E+00
0.518222693705E+00
0.535074002897E+00
0.552473274625E+00
0.570438327263E+00
0.588987558596E+00
0.608139964658E+00
0.627915159185E+00
0.648333393704E+00
0.669415578274E+00
0.691183302892E+00
0.713658859610E+00
0.736865265364E+00
0.760826285539E+00
0.785566458315E+00
0.811111119791E+00
0.837486429932E+00
0.864719399360E+00
0.892837917017E+00
0.921870778720E+00
0.951847716657E+00
0.982799429833E+00
0.101475761551E+01
0.104775500165E+01
0.108182538048E+01
0.111700364303E+01
0.115332581491E+01
0.119082909322E+01
0.122955188458E+01
0.126953384450E+01
0.131081591803E+01
0.135344038160E+01
0.139745088639E+01
0.144289250300E+01
0.148981176762E+01
0.153825672968E+01
0.158827700104E+01
0.163992380685E+01
0.169325003794E+01
0.174831030503E+01
0.180516099465E+01
0.186386032687E+01
0.192446841494E+01
0.198704732683E+01
0.205166114882E+01
0.211837605111E+01
0.218726035559E+01
0.225838460581E+01
0.233182163921E+01
0.240764666173E+01
0.248593732483E+01
0.256677380498E+01
0.265023888580E+01
0.273641804283E+01
0.282539953105E+01
0.291727447529E+01
0.301213696352E+01
0.311008414321E+01
0.321121632084E+01
0.331563706458E+01
0.342345331042E+01
0.353477547161E+01
0.364971755176E+01
0.376839726161E+01
0.389093613955E+01
0.401745967611E+01
0.414809744244E+01
